10 10
The matrix 11 * 10: 
0.000000, 0.000000, 0.000000, 0.000000, 0.000000, 0.000000, 0.000000, 0.000000, 0.000000, 0.000000, 
-0.002925, -0.003277, -0.003859, -0.004409, -0.004818, -0.004001, -0.002261, -0.000075, 0.003415, 0.022310, 
-0.005612, -0.006809, -0.008105, -0.009169, -0.010354, -0.009015, -0.005287, 0.001308, 0.012243, 0.040428, 
-0.006806, -0.008892, -0.011064, -0.013139, -0.014713, -0.013558, -0.008227, 0.002509, 0.020437, 0.052749, 
-0.006409, -0.008991, -0.012035, -0.015626, -0.017965, -0.016969, -0.011042, 0.002753, 0.025230, 0.060185, 
-0.004924, -0.007510, -0.011087, -0.015553, -0.019288, -0.020122, -0.013841, 0.001112, 0.026176, 0.064388, 
-0.002952, -0.005141, -0.008894, -0.013839, -0.018704, -0.021077, -0.016716, -0.002134, 0.023536, 0.065461, 
-0.001160, -0.002668, -0.005993, -0.010700, -0.015916, -0.019760, -0.018112, -0.006485, 0.017707, 0.062578, 
-0.000069, -0.000817, -0.003107, -0.006692, -0.011068, -0.014991, -0.016439, -0.010345, 0.009309, 0.053755, 
0.000192, 0.000001, -0.000953, -0.002657, -0.005064, -0.007258, -0.010055, -0.008773, 0.000687, 0.033570, 
0.000000, 0.000000, 0.000000, 0.000000, 0.000000, 0.000000, 0.000000, 0.000000, 0.000000, 0.000000, 
The matrix 12 * 11: 
0.000000, 0.000315, 0.000659, 0.001099, 0.001833, 0.002310, 0.002659, 0.002670, 0.002594, 0.003858, 0.000000, 
0.000000, 0.002900, 0.006134, 0.009921, 0.014238, 0.019013, 0.022934, 0.025189, 0.025287, 0.021601, 0.000000, 
0.000000, 0.002675, 0.006180, 0.010381, 0.015116, 0.020623, 0.025595, 0.028644, 0.027255, 0.018383, 0.000000, 
0.000000, 0.001181, 0.003253, 0.006205, 0.010072, 0.014307, 0.018864, 0.021825, 0.020623, 0.012484, 0.000000, 
0.000000, -0.000392, -0.000278, 0.000719, 0.003260, 0.006560, 0.009875, 0.012674, 0.012600, 0.007807, 0.000000, 
0.000000, -0.001475, -0.002951, -0.003891, -0.003870, -0.002394, 0.000950, 0.003762, 0.005302, 0.004270, 0.000000, 
0.000000, -0.001954, -0.004313, -0.006511, -0.008211, -0.008842, -0.007904, -0.004934, -0.001584, 0.001087, 0.000000, 
0.000000, -0.001772, -0.004228, -0.007118, -0.010268, -0.013058, -0.014402, -0.013020, -0.008699, -0.002850, 0.000000, 
0.000000, -0.001075, -0.002910, -0.005780, -0.009779, -0.014611, -0.019373, -0.021043, -0.017210, -0.008767, 0.000000, 
0.000000, -0.000249, -0.001052, -0.003188, -0.007207, -0.013197, -0.020915, -0.027237, -0.028799, -0.020219, 0.000000, 
0.000000, 0.000197, 0.000206, -0.000733, -0.003369, -0.008428, -0.015692, -0.025791, -0.034597, -0.034113, 0.000000, 
0.000000, 0.000084, 0.000245, 0.000383, 0.000500, 0.000465, 0.000274, -0.000911, -0.004496, -0.012000, 0.000000, 
The matrix 10 * 10: 
0.000674, 0.000680, 0.000675, 0.000645, 0.000549, 0.000445, 0.000357, 0.000363, 0.000534, 0.000781, 
0.000597, 0.000597, 0.000583, 0.000540, 0.000420, 0.000286, 0.000169, 0.000151, 0.000314, 0.000549, 
0.000506, 0.000497, 0.000466, 0.000398, 0.000267, 0.000069, -0.000106, -0.000218, -0.000175, 0.000109, 
0.000417, 0.000400, 0.000353, 0.000252, 0.000112, -0.000105, -0.000380, -0.000555, -0.000500, -0.000344, 
0.000339, 0.000319, 0.000268, 0.000168, -0.000009, -0.000267, -0.000524, -0.000750, -0.000773, -0.000660, 
0.000271, 0.000250, 0.000202, 0.000107, -0.000054, -0.000293, -0.000579, -0.000805, -0.000830, -0.000740, 
0.000213, 0.000195, 0.000156, 0.000089, -0.000043, -0.000226, -0.000478, -0.000721, -0.000709, -0.000545, 
0.000169, 0.000154, 0.000126, 0.000083, 0.000013, -0.000092, -0.000269, -0.000413, -0.000378, -0.000077, 
0.000140, 0.000128, 0.000106, 0.000082, 0.000056, 0.000062, 0.000014, 0.000035, 0.000225, 0.001016, 
0.000128, 0.000114, 0.000089, 0.000063, 0.000050, 0.000070, 0.000161, 0.000401, 0.001060, 0.002286, 
