10 10
The matrix 11 * 10: 
0.000500, 0.001500, 0.002499, 0.003499, 0.004499, 0.005499, 0.006499, 0.007499, 0.008500, 0.009500, 
0.000500, 0.001500, 0.002499, 0.003499, 0.004499, 0.005499, 0.006499, 0.007499, 0.008500, 0.009500, 
0.000500, 0.001500, 0.002499, 0.003499, 0.004499, 0.005499, 0.006499, 0.007499, 0.008500, 0.009500, 
0.000500, 0.001500, 0.002499, 0.003499, 0.004499, 0.005499, 0.006499, 0.007499, 0.008500, 0.009500, 
0.000500, 0.001500, 0.002499, 0.003499, 0.004499, 0.005499, 0.006499, 0.007499, 0.008500, 0.009500, 
0.000500, 0.001500, 0.002499, 0.003499, 0.004499, 0.005499, 0.006499, 0.007499, 0.008500, 0.009500, 
0.000500, 0.001500, 0.002499, 0.003499, 0.004499, 0.005499, 0.006499, 0.007499, 0.008500, 0.009500, 
0.000500, 0.001500, 0.002499, 0.003499, 0.004499, 0.005499, 0.006499, 0.007499, 0.008500, 0.009500, 
0.000500, 0.001500, 0.002499, 0.003499, 0.004499, 0.005499, 0.006499, 0.007499, 0.008500, 0.009500, 
0.000500, 0.001500, 0.002499, 0.003499, 0.004499, 0.005499, 0.006499, 0.007499, 0.008500, 0.009500, 
0.000500, 0.001500, 0.002499, 0.003499, 0.004499, 0.005499, 0.006499, 0.007499, 0.008500, 0.009500, 
The matrix 12 * 11: 
0.000000, 0.000000, 0.000000, 0.000000, 0.000000, 0.000000, 0.000000, 0.000000, 0.000000, 0.000000, 0.000000, 
0.000000, 0.000000, 0.000000, -0.000000, -0.000000, -0.000000, -0.000000, -0.000000, -0.000000, -0.000000, 0.000000, 
0.000000, 0.000000, 0.000000, -0.000000, -0.000000, -0.000000, -0.000000, -0.000000, -0.000000, -0.000000, 0.000000, 
0.000000, 0.000000, 0.000000, 0.000000, -0.000000, -0.000000, -0.000000, -0.000000, -0.000000, -0.000000, 0.000000, 
0.000000, 0.000000, 0.000000, 0.000000, 0.000000, -0.000000, -0.000000, -0.000000, -0.000000, -0.000000, 0.000000, 
0.000000, 0.000000, 0.000000, 0.000000, 0.000000, 0.000000, -0.000000, -0.000000, -0.000000, 0.000000, 0.000000, 
0.000000, 0.000000, 0.000000, 0.000000, 0.000000, 0.000000, -0.000000, -0.000000, -0.000000, 0.000000, 0.000000, 
0.000000, 0.000000, 0.000000, 0.000000, 0.000000, 0.000000, 0.000000, -0.000000, -0.000000, 0.000000, 0.000000, 
0.000000, 0.000000, 0.000000, 0.000000, 0.000000, 0.000000, 0.000000, -0.000000, -0.000000, 0.000000, 0.000000, 
0.000000, 0.000000, 0.000000, 0.000000, 0.000000, 0.000000, 0.000000, 0.000000, -0.000000, 0.000000, 0.000000, 
0.000000, 0.000000, 0.000000, 0.000000, 0.000000, 0.000000, 0.000000, 0.000000, 0.000000, 0.000000, 0.000000, 
0.000000, 0.000000, 0.000000, 0.000000, 0.000000, 0.000000, 0.000000, 0.000000, 0.000000, 0.000000, 0.000000, 
The matrix 10 * 10: 
-0.000000, -0.000000, -0.000000, -0.000000, -0.000000, -0.000000, -0.000000, -0.000000, -0.000000, -0.000000, 
-0.000000, -0.000000, -0.000000, -0.000000, -0.000000, -0.000000, -0.000000, -0.000000, -0.000000, -0.000000, 
-0.000000, -0.000000, -0.000000, -0.000000, -0.000000, -0.000000, -0.000000, -0.000000, -0.000000, -0.000000, 
-0.000000, -0.000000, -0.000000, -0.000000, -0.000000, -0.000000, -0.000000, -0.000000, -0.000000, -0.000000, 
-0.000000, -0.000000, -0.000000, -0.000000, -0.000000, -0.000000, -0.000000, -0.000000, -0.000000, -0.000000, 
-0.000000, -0.000000, -0.000000, -0.000000, -0.000000, -0.000000, -0.000000, -0.000000, -0.000000, -0.000000, 
-0.000000, -0.000000, -0.000000, -0.000000, -0.000000, -0.000000, -0.000000, -0.000000, -0.000000, -0.000000, 
-0.000000, -0.000000, -0.000000, -0.000000, -0.000000, -0.000000, -0.000000, -0.000000, -0.000000, -0.000000, 
-0.000000, -0.000000, -0.000000, -0.000000, -0.000000, -0.000000, -0.000000, -0.000000, -0.000000, -0.000000, 
-0.000000, -0.000000, -0.000000, -0.000000, -0.000000, -0.000000, -0.000000, -0.000000, -0.000000, -0.000000, 
