15 15
The matrix 16 * 15: 
0.000000, 0.000000, 0.000000, 0.000000, 0.000000, 0.000000, 0.000000, 0.000000, 0.000000, 0.000000, 0.000000, 0.000000, 0.000000, 0.000000, 0.000000, 
-0.002252, -0.002126, -0.002385, -0.002652, -0.002895, -0.003108, -0.003324, -0.003006, -0.002892, -0.002072, -0.001029, -0.000289, 0.000318, 0.004862, 0.023268, 
-0.004714, -0.004915, -0.005522, -0.006129, -0.006688, -0.007122, -0.007494, -0.007573, -0.007026, -0.005138, -0.002419, 0.000523, 0.004882, 0.016271, 0.041733, 
-0.006466, -0.007205, -0.008219, -0.009219, -0.010191, -0.011002, -0.011409, -0.011683, -0.011002, -0.008363, -0.003902, 0.002258, 0.011787, 0.027145, 0.055578, 
-0.007199, -0.008412, -0.009806, -0.011225, -0.012706, -0.014078, -0.015071, -0.015455, -0.014315, -0.011156, -0.005186, 0.004135, 0.017135, 0.036204, 0.064926, 
-0.007022, -0.008445, -0.010089, -0.011882, -0.013891, -0.015912, -0.017506, -0.018183, -0.017418, -0.014046, -0.006986, 0.004423, 0.020425, 0.041813, 0.070835, 
-0.006210, -0.007542, -0.009283, -0.011375, -0.013872, -0.016560, -0.018929, -0.020247, -0.019790, -0.016246, -0.008580, 0.004096, 0.022080, 0.045250, 0.074775, 
-0.004978, -0.005991, -0.007716, -0.010062, -0.013049, -0.016432, -0.019649, -0.021951, -0.021549, -0.018240, -0.010413, 0.002824, 0.021903, 0.046429, 0.077201, 
-0.003522, -0.004099, -0.005716, -0.008227, -0.011600, -0.015560, -0.019502, -0.022583, -0.023100, -0.020135, -0.012467, 0.000861, 0.020353, 0.045666, 0.078214, 
-0.002065, -0.002204, -0.003639, -0.006174, -0.009726, -0.014017, -0.018477, -0.022220, -0.023808, -0.021497, -0.014667, -0.001741, 0.017618, 0.043435, 0.077865, 
-0.000837, -0.000618, -0.001798, -0.004154, -0.007575, -0.011815, -0.016391, -0.020516, -0.023002, -0.022284, -0.016799, -0.004980, 0.013732, 0.039675, 0.076160, 
-0.000007, 0.000432, -0.000434, -0.002387, -0.005320, -0.009057, -0.013266, -0.017365, -0.020467, -0.021603, -0.018202, -0.008601, 0.008904, 0.033700, 0.072670, 
0.000373, 0.000857, 0.000321, -0.001071, -0.003227, -0.006067, -0.009452, -0.013062, -0.016262, -0.018248, -0.017678, -0.011837, 0.002794, 0.025619, 0.066233, 
0.000385, 0.000756, 0.000486, -0.000301, -0.001557, -0.003267, -0.005442, -0.008024, -0.010703, -0.012556, -0.014093, -0.012091, -0.003586, 0.015487, 0.053855, 
0.000197, 0.000367, 0.000275, -0.000015, -0.000476, -0.001125, -0.001995, -0.003147, -0.004555, -0.005938, -0.007077, -0.007880, -0.004986, 0.004442, 0.031277, 
0.000000, 0.000000, 0.000000, 0.000000, 0.000000, 0.000000, 0.000000, 0.000000, 0.000000, 0.000000, 0.000000, 0.000000, 0.000000, 0.000000, 0.000000, 
The matrix 17 * 16: 
0.000000, 0.000361, 0.000566, 0.000858, 0.001193, 0.001563, 0.001966, 0.002472, 0.002907, 0.003171, 0.003287, 0.003251, 0.003368, 0.004216, 0.006076, 0.000000, 
0.000000, 0.002225, 0.004339, 0.006692, 0.009295, 0.012123, 0.015145, 0.018349, 0.021358, 0.024322, 0.026376, 0.027431, 0.027727, 0.027276, 0.021911, 0.000000, 
0.000000, 0.002464, 0.005244, 0.008354, 0.011786, 0.015513, 0.019442, 0.023571, 0.028101, 0.032059, 0.035057, 0.036508, 0.035747, 0.031232, 0.019564, 0.000000, 
0.000000, 0.001740, 0.004022, 0.006706, 0.009778, 0.013257, 0.017108, 0.021132, 0.025285, 0.029115, 0.032275, 0.033689, 0.031851, 0.024840, 0.014118, 0.000000, 
0.000000, 0.000730, 0.001943, 0.003547, 0.005580, 0.008131, 0.011250, 0.014727, 0.018045, 0.021225, 0.024197, 0.025625, 0.023881, 0.018572, 0.009618, 0.000000, 
0.000000, -0.000160, -0.000101, 0.000224, 0.000939, 0.002199, 0.004126, 0.006672, 0.009534, 0.012522, 0.015013, 0.016490, 0.015879, 0.012026, 0.006025, 0.000000, 
0.000000, -0.000790, -0.001674, -0.002459, -0.002933, -0.002894, -0.002157, -0.000617, 0.001585, 0.004112, 0.006485, 0.008289, 0.008842, 0.007281, 0.004001, 0.000000, 
0.000000, -0.001200, -0.002731, -0.004294, -0.005620, -0.006479, -0.006655, -0.005969, -0.004243, -0.002409, -0.000290, 0.001677, 0.003120, 0.003547, 0.002497, 0.000000, 
0.000000, -0.001419, -0.003280, -0.005258, -0.007081, -0.008533, -0.009423, -0.009606, -0.008926, -0.007346, -0.005474, -0.003400, -0.001341, 0.000253, 0.001044, 0.000000, 
0.000000, -0.001420, -0.003282, -0.005329, -0.007358, -0.009216, -0.010753, -0.011781, -0.012092, -0.011344, -0.010012, -0.007859, -0.005260, -0.002583, -0.000334, 0.000000, 
0.000000, -0.001197, -0.002753, -0.004564, -0.006557, -0.008685, -0.010869, -0.012943, -0.014676, -0.015487, -0.014673, -0.012555, -0.009332, -0.005436, -0.001695, 0.000000, 
0.000000, -0.000807, -0.001832, -0.003170, -0.004911, -0.007143, -0.009882, -0.012991, -0.016136, -0.018655, -0.019317, -0.017914, -0.014304, -0.009417, -0.003482, 0.000000, 
0.000000, -0.000361, -0.000769, -0.001503, -0.002798, -0.004870, -0.007842, -0.011643, -0.015938, -0.020110, -0.023448, -0.023967, -0.020699, -0.014467, -0.006453, 0.000000, 
0.000000, 0.000004, 0.000120, -0.000027, -0.000778, -0.002428, -0.005209, -0.009205, -0.014233, -0.019764, -0.025447, -0.029042, -0.028776, -0.022441, -0.012437, 0.000000, 
0.000000, 0.000203, 0.000607, 0.000833, 0.000565, -0.000494, -0.002612, -0.006035, -0.010893, -0.017040, -0.023657, -0.030671, -0.034777, -0.033488, -0.022448, 0.000000, 
0.000000, 0.000205, 0.000579, 0.000861, 0.000853, 0.000389, -0.000720, -0.002690, -0.005807, -0.010337, -0.016276, -0.023363, -0.031298, -0.036218, -0.031542, 0.000000, 
0.000000, 0.000006, 0.000107, 0.000196, 0.000263, 0.000314, 0.000360, 0.000397, 0.000391, 0.000233, -0.000209, -0.001392, -0.003612, -0.008547, -0.016438, 0.000000, 
The matrix 15 * 15: 
0.000868, 0.000875, 0.000883, 0.000885, 0.000874, 0.000843, 0.000788, 0.000701, 0.000582, 0.000483, 0.000430, 0.000465, 0.000609, 0.000851, 0.001169, 
0.000793, 0.000800, 0.000804, 0.000801, 0.000785, 0.000750, 0.000694, 0.000571, 0.000455, 0.000343, 0.000275, 0.000306, 0.000469, 0.000768, 0.001084, 
0.000704, 0.000706, 0.000705, 0.000694, 0.000668, 0.000623, 0.000555, 0.000418, 0.000281, 0.000121, 0.000010, 0.000013, 0.000141, 0.000294, 0.000577, 
0.000605, 0.000602, 0.000593, 0.000573, 0.000536, 0.000477, 0.000389, 0.000253, 0.000077, -0.000142, -0.000310, -0.000362, -0.000319, -0.000096, 0.000072, 
0.000506, 0.000500, 0.000485, 0.000457, 0.000408, 0.000331, 0.000219, 0.000061, -0.000137, -0.000365, -0.000569, -0.000682, -0.000667, -0.000541, -0.000431, 
0.000413, 0.000406, 0.000390, 0.000358, 0.000302, 0.000214, 0.000082, -0.000098, -0.000313, -0.000563, -0.000803, -0.000965, -0.000988, -0.000911, -0.000804, 
0.000326, 0.000319, 0.000302, 0.000269, 0.000213, 0.000123, -0.000015, -0.000212, -0.000419, -0.000672, -0.000917, -0.001099, -0.001156, -0.001105, -0.001015, 
0.000246, 0.000238, 0.000219, 0.000185, 0.000130, 0.000045, -0.000081, -0.000257, -0.000473, -0.000708, -0.000946, -0.001115, -0.001168, -0.001135, -0.001071, 
0.000174, 0.000165, 0.000144, 0.000110, 0.000059, -0.000015, -0.000124, -0.000282, -0.000479, -0.000678, -0.000903, -0.001060, -0.001105, -0.001054, -0.000989, 
0.000113, 0.000102, 0.000081, 0.000048, 0.000005, -0.000054, -0.000137, -0.000257, -0.000422, -0.000603, -0.000803, -0.000948, -0.000976, -0.000909, -0.000802, 
0.000064, 0.000053, 0.000032, 0.000003, -0.000032, -0.000074, -0.000130, -0.000214, -0.000339, -0.000481, -0.000638, -0.000770, -0.000762, -0.000664, -0.000485, 
0.000028, 0.000017, -0.000002, -0.000027, -0.000054, -0.000081, -0.000113, -0.000158, -0.000223, -0.000282, -0.000395, -0.000502, -0.000484, -0.000264, 0.000023, 
0.000004, -0.000006, -0.000023, -0.000045, -0.000067, -0.000087, -0.000102, -0.000117, -0.000139, -0.000121, -0.000138, -0.000129, 0.000002, 0.000249, 0.000766, 
-0.000009, -0.000017, -0.000034, -0.000056, -0.000080, -0.000100, -0.000112, -0.000111, -0.000095, -0.000052, 0.000054, 0.000207, 0.000510, 0.001121, 0.001875, 
-0.000011, -0.000019, -0.000037, -0.000063, -0.000094, -0.000124, -0.000148, -0.000157, -0.000141, -0.000078, 0.000056, 0.000358, 0.000855, 0.001818, 0.003235, 
