20 20
The matrix 21 * 20: 
0.000000, 0.000000, 0.000000, 0.000000, 0.000000, 0.000000, 0.000000, 0.000000, 0.000000, 0.000000, 0.000000, 0.000000, 0.000000, 0.000000, 0.000000, 0.000000, 0.000000, 0.000000, 0.000000, 0.000000, 
-0.001902, -0.001585, -0.001734, -0.001897, -0.002047, -0.002184, -0.002303, -0.002406, -0.002521, -0.002748, -0.002493, -0.002300, -0.001851, -0.000906, -0.000136, 0.000161, 0.000184, 0.000078, 0.005510, 0.024183, 
-0.004058, -0.003851, -0.004226, -0.004611, -0.004985, -0.005337, -0.005648, -0.005886, -0.006037, -0.006302, -0.006517, -0.005998, -0.004869, -0.003063, -0.000905, 0.001237, 0.003399, 0.006930, 0.017226, 0.043357, 
-0.005736, -0.005915, -0.006598, -0.007245, -0.007883, -0.008513, -0.009098, -0.009567, -0.009846, -0.009825, -0.010305, -0.009853, -0.008454, -0.005816, -0.002096, 0.002431, 0.008103, 0.017224, 0.030127, 0.056910, 
-0.006628, -0.007256, -0.008264, -0.009186, -0.010113, -0.011070, -0.012020, -0.012866, -0.013479, -0.013821, -0.013800, -0.013011, -0.011479, -0.008423, -0.003351, 0.003751, 0.013964, 0.025764, 0.041633, 0.066432, 
-0.006752, -0.007728, -0.008991, -0.010154, -0.011358, -0.012652, -0.014005, -0.015303, -0.016356, -0.016968, -0.017102, -0.016432, -0.014292, -0.010286, -0.004077, 0.005249, 0.018008, 0.032064, 0.050503, 0.073345, 
-0.006316, -0.007432, -0.008815, -0.010149, -0.011593, -0.013210, -0.014968, -0.016739, -0.018279, -0.019301, -0.019606, -0.018898, -0.016750, -0.012532, -0.005527, 0.005272, 0.020183, 0.036504, 0.056117, 0.078188, 
-0.005521, -0.006581, -0.007973, -0.009424, -0.011084, -0.013010, -0.015153, -0.017357, -0.019373, -0.020877, -0.021522, -0.020908, -0.018558, -0.013938, -0.006389, 0.005083, 0.020670, 0.039036, 0.059641, 0.081900, 
-0.004479, -0.005328, -0.006635, -0.008166, -0.010041, -0.012294, -0.014856, -0.017541, -0.020052, -0.022003, -0.022966, -0.022489, -0.020102, -0.015301, -0.007475, 0.004217, 0.020123, 0.039467, 0.061173, 0.084410, 
-0.003288, -0.003839, -0.005008, -0.006591, -0.008664, -0.011234, -0.014201, -0.017349, -0.020343, -0.022751, -0.024082, -0.023822, -0.021473, -0.016554, -0.008544, 0.003207, 0.019188, 0.038532, 0.061053, 0.085713, 
-0.002055, -0.002277, -0.003281, -0.004890, -0.007132, -0.009977, -0.013299, -0.016855, -0.020282, -0.023115, -0.024818, -0.024833, -0.022621, -0.017697, -0.009618, 0.002072, 0.017755, 0.037064, 0.059964, 0.085998, 
-0.000893, -0.000799, -0.001626, -0.003222, -0.005565, -0.008595, -0.012166, -0.016022, -0.019796, -0.023013, -0.025113, -0.025493, -0.023560, -0.018793, -0.010784, 0.000765, 0.016056, 0.035154, 0.058236, 0.085531, 
0.000090, 0.000450, -0.000191, -0.001712, -0.004052, -0.007127, -0.010783, -0.014778, -0.018765, -0.022291, -0.024800, -0.025663, -0.024225, -0.019893, -0.012206, -0.000911, 0.014018, 0.032766, 0.055994, 0.084555, 
0.000807, 0.001359, 0.000910, -0.000464, -0.002673, -0.005618, -0.009158, -0.013081, -0.017094, -0.020800, -0.023683, -0.025119, -0.024413, -0.020876, -0.013919, -0.003166, 0.011391, 0.029801, 0.053209, 0.083164, 
0.001226, 0.001873, 0.001593, 0.000439, -0.001510, -0.004146, -0.007350, -0.010964, -0.014769, -0.018460, -0.021601, -0.023617, -0.023813, -0.021428, -0.015712, -0.006012, 0.007944, 0.025917, 0.049654, 0.081349, 
0.001353, 0.001994, 0.001846, 0.000944, -0.000637, -0.002810, -0.005487, -0.008562, -0.011906, -0.015325, -0.018505, -0.020971, -0.022087, -0.021094, -0.017130, -0.009112, 0.003624, 0.020780, 0.044904, 0.078782, 
0.001234, 0.001781, 0.001717, 0.001064, -0.000095, -0.001713, -0.003731, -0.006095, -0.008750, -0.011621, -0.014534, -0.017159, -0.018987, -0.019356, -0.017490, -0.011831, -0.001178, 0.014626, 0.038238, 0.074442, 
0.000945, 0.001338, 0.001320, 0.000896, 0.000137, -0.000917, -0.002236, -0.003818, -0.005647, -0.007741, -0.010056, -0.012426, -0.014518, -0.015824, -0.015873, -0.013102, -0.005822, 0.007233, 0.029740, 0.066894, 
0.000578, 0.000797, 0.000796, 0.000567, 0.000155, -0.000408, -0.001107, -0.001956, -0.002968, -0.004188, -0.005655, -0.007348, -0.009141, -0.010758, -0.011508, -0.011503, -0.008397, 0.000094, 0.018627, 0.053665, 
0.000231, 0.000303, 0.000306, 0.000223, 0.000074, -0.000125, -0.000368, -0.000660, -0.001021, -0.001472, -0.002056, -0.002804, -0.003719, -0.004725, -0.005598, -0.006091, -0.006329, -0.003435, 0.006636, 0.031013, 
0.000000, 0.000000, 0.000000, 0.000000, 0.000000, 0.000000, 0.000000, 0.000000, 0.000000, 0.000000, 0.000000, 0.000000, 0.000000, 0.000000, 0.000000, 0.000000, 0.000000, 0.000000, 0.000000, 0.000000, 
The matrix 22 * 21: 
0.000000, 0.000403, 0.000527, 0.000743, 0.000990, 0.001256, 0.001538, 0.001833, 0.002139, 0.002473, 0.002975, 0.003182, 0.003420, 0.003596, 0.003603, 0.003457, 0.003376, 0.003787, 0.005922, 0.007421, 0.000000, 
0.000000, 0.001882, 0.003491, 0.005227, 0.007117, 0.009148, 0.011306, 0.013576, 0.015941, 0.018407, 0.021049, 0.023513, 0.025778, 0.027621, 0.028741, 0.029151, 0.028891, 0.028497, 0.027859, 0.022056, 0.000000, 
0.000000, 0.002181, 0.004465, 0.006960, 0.009663, 0.012573, 0.015683, 0.018966, 0.022365, 0.025785, 0.029314, 0.033324, 0.036989, 0.040117, 0.042209, 0.042776, 0.041796, 0.038924, 0.032251, 0.020266, 0.000000, 
0.000000, 0.001687, 0.003763, 0.006141, 0.008773, 0.011662, 0.014820, 0.018241, 0.021881, 0.025640, 0.029307, 0.033361, 0.037240, 0.040693, 0.043295, 0.044324, 0.042911, 0.037965, 0.027409, 0.014038, 0.000000, 
0.000000, 0.000902, 0.002262, 0.003952, 0.005921, 0.008183, 0.010774, 0.013734, 0.017073, 0.020744, 0.024430, 0.027588, 0.030809, 0.033900, 0.036587, 0.037950, 0.036688, 0.030835, 0.021614, 0.009764, 0.000000, 
0.000000, 0.000149, 0.000652, 0.001422, 0.002444, 0.003756, 0.005418, 0.007496, 0.010037, 0.013031, 0.016306, 0.019362, 0.022118, 0.024698, 0.026836, 0.027920, 0.026804, 0.022450, 0.015444, 0.006879, 0.000000, 
0.000000, -0.000400, -0.000658, -0.000781, -0.000720, -0.000406, 0.000247, 0.001320, 0.002883, 0.004951, 0.007453, 0.010150, 0.012825, 0.015157, 0.016873, 0.017777, 0.017166, 0.014742, 0.010770, 0.005084, 0.000000, 
0.000000, -0.000760, -0.001592, -0.002423, -0.003140, -0.003636, -0.003813, -0.003582, -0.002878, -0.001664, 0.000050, 0.002128, 0.004324, 0.006341, 0.007986, 0.009135, 0.009641, 0.009264, 0.007163, 0.003837, 0.000000, 
0.000000, -0.001003, -0.002228, -0.003545, -0.004793, -0.005838, -0.006568, -0.006894, -0.006754, -0.006115, -0.004994, -0.003503, -0.001822, -0.000148, 0.001365, 0.002626, 0.003697, 0.004288, 0.003961, 0.002560, 0.000000, 
0.000000, -0.001153, -0.002611, -0.004212, -0.005768, -0.007132, -0.008186, -0.008844, -0.009049, -0.008779, -0.008061, -0.006983, -0.005682, -0.004312, -0.003020, -0.001877, -0.000764, 0.000251, 0.001229, 0.001316, 0.000000, 
0.000000, -0.001201, -0.002737, -0.004438, -0.006116, -0.007629, -0.008872, -0.009765, -0.010255, -0.010317, -0.009958, -0.009230, -0.008229, -0.007093, -0.005960, -0.004889, -0.003728, -0.002258, -0.000808, 0.000283, 0.000000, 
0.000000, -0.001139, -0.002596, -0.004230, -0.005879, -0.007429, -0.008796, -0.009918, -0.010742, -0.011220, -0.011317, -0.011019, -0.010358, -0.009418, -0.008321, -0.007150, -0.005825, -0.004121, -0.002227, -0.000471, 0.000000, 
0.000000, -0.000969, -0.002206, -0.003629, -0.005126, -0.006627, -0.008085, -0.009459, -0.010695, -0.011718, -0.012432, -0.012738, -0.012563, -0.011893, -0.010791, -0.009364, -0.007676, -0.005627, -0.003250, -0.000983, 0.000000, 
0.000000, -0.000714, -0.001620, -0.002716, -0.003959, -0.005333, -0.006838, -0.008460, -0.010155, -0.011823, -0.013310, -0.014420, -0.014956, -0.014763, -0.013776, -0.012059, -0.009796, -0.007160, -0.004204, -0.001397, 0.000000, 
0.000000, -0.000420, -0.000935, -0.001618, -0.002523, -0.003689, -0.005166, -0.006978, -0.009099, -0.011426, -0.013766, -0.015846, -0.017342, -0.017935, -0.017375, -0.015574, -0.012719, -0.009262, -0.005396, -0.001823, 0.000000, 
0.000000, -0.000131, -0.000256, -0.000512, -0.001022, -0.001904, -0.003248, -0.005122, -0.007535, -0.010410, -0.013553, -0.016653, -0.019297, -0.021015, -0.021336, -0.019902, -0.016784, -0.012451, -0.007348, -0.002575, 0.000000, 
0.000000, 0.000112, 0.000319, 0.000440, 0.000312, -0.000241, -0.001349, -0.003118, -0.005600, -0.008772, -0.012492, -0.016477, -0.020297, -0.023397, -0.025122, -0.024737, -0.021981, -0.017167, -0.011013, -0.004342, 0.000000, 
0.000000, 0.000280, 0.000714, 0.001104, 0.001265, 0.001023, 0.000218, -0.001289, -0.003578, -0.006695, -0.010592, -0.015089, -0.019839, -0.024319, -0.027848, -0.029438, -0.028110, -0.023452, -0.016018, -0.007548, 0.000000, 
0.000000, 0.000355, 0.000886, 0.001399, 0.001719, 0.001693, 0.001176, 0.000040, -0.001831, -0.004518, -0.008080, -0.012493, -0.017587, -0.022983, -0.028086, -0.032561, -0.034243, -0.031564, -0.024287, -0.013419, 0.000000, 
0.000000, 0.000335, 0.000819, 0.001299, 0.001633, 0.001704, 0.001412, 0.000666, -0.000637, -0.002587, -0.005301, -0.008896, -0.013438, -0.018867, -0.024903, -0.030786, -0.036184, -0.038281, -0.035125, -0.023148, 0.000000, 
0.000000, 0.000225, 0.000523, 0.000824, 0.001041, 0.001110, 0.000980, 0.000608, -0.000054, -0.001073, -0.002537, -0.004576, -0.007357, -0.011054, -0.015774, -0.021377, -0.027447, -0.033803, -0.037240, -0.030348, 0.000000, 
0.000000, 0.000009, 0.000047, 0.000091, 0.000127, 0.000151, 0.000166, 0.000175, 0.000190, 0.000206, 0.000223, 0.000225, 0.000173, -0.000005, -0.000456, -0.001347, -0.003022, -0.005672, -0.011339, -0.017855, 0.000000, 
The matrix 20 * 20: 
0.000911, 0.000918, 0.000929, 0.000942, 0.000951, 0.000952, 0.000942, 0.000917, 0.000874, 0.000808, 0.000710, 0.000607, 0.000510, 0.000444, 0.000417, 0.000466, 0.000632, 0.000897, 0.001136, 0.001552, 
0.000841, 0.000848, 0.000858, 0.000868, 0.000873, 0.000871, 0.000858, 0.000830, 0.000785, 0.000724, 0.000595, 0.000485, 0.000385, 0.000311, 0.000294, 0.000359, 0.000530, 0.000845, 0.001115, 0.001515, 
0.000763, 0.000768, 0.000774, 0.000779, 0.000778, 0.000770, 0.000750, 0.000715, 0.000663, 0.000597, 0.000451, 0.000321, 0.000202, 0.000099, 0.000056, 0.000118, 0.000302, 0.000607, 0.000928, 0.001187, 
0.000680, 0.000680, 0.000681, 0.000678, 0.000670, 0.000652, 0.000623, 0.000578, 0.000517, 0.000437, 0.000323, 0.000151, -0.000017, -0.000189, -0.000292, -0.000269, -0.000104, 0.000159, 0.000393, 0.000544, 
0.000596, 0.000593, 0.000588, 0.000579, 0.000563, 0.000536, 0.000495, 0.000436, 0.000358, 0.000259, 0.000130, -0.000046, -0.000255, -0.000462, -0.000626, -0.000665, -0.000523, -0.000340, -0.000156, -0.000036, 
0.000516, 0.000512, 0.000506, 0.000493, 0.000471, 0.000437, 0.000386, 0.000314, 0.000218, 0.000093, -0.000063, -0.000252, -0.000466, -0.000685, -0.000878, -0.000987, -0.000971, -0.000865, -0.000670, -0.000529, 
0.000443, 0.000440, 0.000433, 0.000420, 0.000396, 0.000358, 0.000302, 0.000223, 0.000115, -0.000027, -0.000202, -0.000411, -0.000643, -0.000882, -0.001101, -0.001252, -0.001298, -0.001206, -0.001055, -0.000904, 
0.000377, 0.000374, 0.000367, 0.000352, 0.000327, 0.000288, 0.000231, 0.000151, 0.000040, -0.000105, -0.000285, -0.000497, -0.000732, -0.000973, -0.001192, -0.001353, -0.001411, -0.001377, -0.001264, -0.001144, 
0.000318, 0.000315, 0.000305, 0.000288, 0.000261, 0.000221, 0.000164, 0.000086, -0.000020, -0.000158, -0.000331, -0.000535, -0.000760, -0.000987, -0.001189, -0.001332, -0.001386, -0.001395, -0.001323, -0.001241, 
0.000267, 0.000262, 0.000251, 0.000231, 0.000202, 0.000161, 0.000106, 0.000032, -0.000065, -0.000193, -0.000352, -0.000540, -0.000748, -0.000954, -0.001134, -0.001260, -0.001313, -0.001313, -0.001261, -0.001217, 
0.000223, 0.000217, 0.000204, 0.000183, 0.000152, 0.000112, 0.000061, -0.000005, -0.000092, -0.000206, -0.000349, -0.000520, -0.000708, -0.000894, -0.001050, -0.001155, -0.001196, -0.001190, -0.001145, -0.001110, 
0.000187, 0.000180, 0.000166, 0.000144, 0.000114, 0.000077, 0.000032, -0.000025, -0.000099, -0.000196, -0.000322, -0.000475, -0.000646, -0.000813, -0.000951, -0.001034, -0.001058, -0.001039, -0.000998, -0.000954, 
0.000159, 0.000152, 0.000137, 0.000115, 0.000087, 0.000055, 0.000017, -0.000028, -0.000087, -0.000166, -0.000272, -0.000405, -0.000558, -0.000711, -0.000835, -0.000904, -0.000906, -0.000856, -0.000805, -0.000752, 
0.000139, 0.000131, 0.000117, 0.000097, 0.000072, 0.000044, 0.000015, -0.000019, -0.000061, -0.000120, -0.000203, -0.000313, -0.000445, -0.000581, -0.000694, -0.000756, -0.000743, -0.000686, -0.000584, -0.000501, 
0.000124, 0.000117, 0.000104, 0.000086, 0.000065, 0.000042, 0.000020, -0.000002, -0.000029, -0.000068, -0.000125, -0.000206, -0.000310, -0.000422, -0.000519, -0.000569, -0.000544, -0.000452, -0.000311, -0.000183, 
0.000116, 0.000109, 0.000097, 0.000081, 0.000063, 0.000045, 0.000029, 0.000015, -0.000000, -0.000020, -0.000052, -0.000100, -0.000167, -0.000242, -0.000305, -0.000333, -0.000288, -0.000135, 0.000039, 0.000244, 
0.000112, 0.000106, 0.000095, 0.000080, 0.000064, 0.000048, 0.000034, 0.000025, 0.000017, 0.000010, 0.000000, -0.000016, -0.000040, -0.000064, -0.000061, -0.000045, 0.000007, 0.000242, 0.000541, 0.000876, 
0.000112, 0.000106, 0.000096, 0.000082, 0.000065, 0.000049, 0.000035, 0.000024, 0.000017, 0.000015, 0.000017, 0.000024, 0.000037, 0.000059, 0.000153, 0.000260, 0.000445, 0.000734, 0.001066, 0.001777, 
0.000114, 0.000109, 0.000099, 0.000084, 0.000066, 0.000047, 0.000028, 0.000012, -0.000001, -0.000008, -0.000006, 0.000008, 0.000044, 0.000114, 0.000238, 0.000476, 0.000798, 0.001277, 0.002024, 0.002986, 
0.000120, 0.000115, 0.000105, 0.000088, 0.000067, 0.000042, 0.000016, -0.000008, -0.000031, -0.000051, -0.000062, -0.000058, -0.000028, 0.000050, 0.000204, 0.000469, 0.000955, 0.001672, 0.002887, 0.004228, 
