30 30
The matrix 31 * 30: 
0.000000, 0.000000, 0.000000, 0.000000, 0.000000, 0.000000, 0.000000, 0.000000, 0.000000, 0.000000, 0.000000, 0.000000, 0.000000, 0.000000, 0.000000, 0.000000, 0.000000, 0.000000, 0.000000, 0.000000, 0.000000, 0.000000, 0.000000, 0.000000, 0.000000, 0.000000, 0.000000, 0.000000, 0.000000, 0.000000, 
-0.000196, -0.000312, -0.000398, -0.000414, -0.000376, -0.000316, -0.000263, -0.000239, -0.000257, -0.000319, -0.000426, -0.000583, -0.000803, -0.001111, -0.001399, -0.001731, -0.002273, -0.002631, -0.002818, -0.003036, -0.002837, -0.002395, -0.001572, -0.000472, 0.000832, 0.002109, 0.002928, 0.001946, -0.000133, 0.019763, 
-0.000501, -0.000849, -0.001058, -0.001085, -0.000976, -0.000808, -0.000656, -0.000573, -0.000584, -0.000698, -0.000914, -0.001236, -0.001672, -0.002238, -0.003063, -0.003874, -0.004836, -0.005656, -0.006457, -0.006729, -0.006608, -0.005895, -0.004480, -0.002442, 0.000581, 0.003948, 0.006833, 0.007775, 0.009495, 0.035363, 
-0.000871, -0.001526, -0.001871, -0.001890, -0.001674, -0.001357, -0.001062, -0.000873, -0.000831, -0.000945, -0.001212, -0.001640, -0.002250, -0.003063, -0.004150, -0.005569, -0.007077, -0.008696, -0.009679, -0.010346, -0.010227, -0.009286, -0.007723, -0.005125, -0.001004, 0.004707, 0.010440, 0.015187, 0.022056, 0.047578, 
-0.001285, -0.002289, -0.002770, -0.002751, -0.002386, -0.001872, -0.001384, -0.001038, -0.000884, -0.000928, -0.001161, -0.001600, -0.002305, -0.003330, -0.004751, -0.006621, -0.008858, -0.010765, -0.012385, -0.013305, -0.013538, -0.012823, -0.010807, -0.007595, -0.003183, 0.004165, 0.013178, 0.022498, 0.033531, 0.057505, 
-0.001735, -0.003116, -0.003720, -0.003622, -0.003054, -0.002287, -0.001550, -0.000989, -0.000659, -0.000557, -0.000667, -0.001019, -0.001743, -0.002969, -0.004792, -0.007160, -0.010083, -0.012655, -0.014817, -0.016309, -0.016450, -0.015305, -0.013122, -0.009922, -0.005123, 0.002800, 0.014760, 0.028166, 0.042949, 0.065314, 
-0.002221, -0.003999, -0.004704, -0.004480, -0.003646, -0.002560, -0.001508, -0.000658, -0.000069, 0.000265, 0.000338, 0.000114, -0.000615, -0.002116, -0.004474, -0.007602, -0.011009, -0.014604, -0.017560, -0.019119, -0.019003, -0.017508, -0.014860, -0.011678, -0.006130, 0.002172, 0.014991, 0.031720, 0.049948, 0.071323, 
-0.002742, -0.004933, -0.005711, -0.005310, -0.004145, -0.002668, -0.001222, 0.000022, 0.000982, 0.001646, 0.001964, 0.001714, 0.000769, -0.001058, -0.004003, -0.007812, -0.012246, -0.016656, -0.020143, -0.022007, -0.021724, -0.019633, -0.016212, -0.012336, -0.006710, 0.001646, 0.015094, 0.033984, 0.054324, 0.075984, 
-0.003289, -0.005904, -0.006727, -0.006101, -0.004539, -0.002597, -0.000669, 0.001085, 0.002521, 0.003585, 0.004023, 0.003668, 0.002379, -0.000031, -0.003626, -0.008215, -0.013537, -0.018703, -0.022841, -0.025029, -0.024553, -0.021697, -0.017414, -0.012659, -0.006730, 0.001702, 0.015384, 0.035215, 0.056903, 0.079319, 
-0.003837, -0.006885, -0.007734, -0.006835, -0.004812, -0.002341, 0.000165, 0.002508, 0.004523, 0.005850, 0.006353, 0.005786, 0.004065, 0.001156, -0.003299, -0.008850, -0.015082, -0.020784, -0.025610, -0.028010, -0.027527, -0.023942, -0.018642, -0.012810, -0.006332, 0.002224, 0.015979, 0.035805, 0.058321, 0.081568, 
-0.004347, -0.007836, -0.008708, -0.007469, -0.004945, -0.001898, 0.001264, 0.004249, 0.006724, 0.008277, 0.008806, 0.007946, 0.005990, 0.002288, -0.002997, -0.009470, -0.016524, -0.023167, -0.028364, -0.031057, -0.030637, -0.026464, -0.020015, -0.012969, -0.005670, 0.003228, 0.016638, 0.036151, 0.059021, 0.082992, 
-0.004778, -0.008722, -0.009572, -0.007936, -0.004924, -0.001272, 0.002579, 0.006162, 0.008893, 0.010685, 0.011180, 0.010365, 0.007920, 0.003477, -0.002649, -0.010013, -0.017951, -0.025495, -0.031175, -0.034233, -0.033745, -0.029286, -0.021660, -0.013274, -0.004981, 0.004394, 0.017496, 0.036452, 0.059338, 0.083834, 
-0.005082, -0.009417, -0.010216, -0.008260, -0.004770, -0.000507, 0.004016, 0.008003, 0.011161, 0.013100, 0.013503, 0.012744, 0.009754, 0.004699, -0.002192, -0.010419, -0.019278, -0.027683, -0.034179, -0.037394, -0.036907, -0.032278, -0.023622, -0.013862, -0.004413, 0.005560, 0.018487, 0.036831, 0.059499, 0.084296, 
-0.005229, -0.009843, -0.010586, -0.008377, -0.004485, 0.000347, 0.005421, 0.009772, 0.013262, 0.015377, 0.015967, 0.014925, 0.011544, 0.005995, -0.001629, -0.010719, -0.020525, -0.029793, -0.037008, -0.040577, -0.040152, -0.035280, -0.025984, -0.014767, -0.004058, 0.006628, 0.019534, 0.037304, 0.059621, 0.084530, 
-0.005186, -0.009923, -0.010617, -0.008246, -0.004068, 0.001184, 0.006625, 0.011455, 0.015174, 0.017469, 0.018314, 0.017043, 0.013355, 0.007296, -0.000991, -0.010944, -0.021678, -0.031758, -0.039581, -0.043785, -0.043301, -0.038291, -0.028600, -0.016041, -0.003984, 0.007523, 0.020547, 0.037836, 0.059743, 0.084637, 
-0.004915, -0.009597, -0.010238, -0.007827, -0.003515, 0.001995, 0.007702, 0.012842, 0.016802, 0.019316, 0.020393, 0.019014, 0.015131, 0.008636, -0.000306, -0.011118, -0.022734, -0.033542, -0.041866, -0.046589, -0.046361, -0.041303, -0.031293, -0.017763, -0.004236, 0.008192, 0.021451, 0.038371, 0.059855, 0.084679, 
-0.004396, -0.008827, -0.009369, -0.007145, -0.002831, 0.002749, 0.008570, 0.013929, 0.018117, 0.020791, 0.022180, 0.020813, 0.016770, 0.009898, 0.000336, -0.011265, -0.023708, -0.035031, -0.043663, -0.048822, -0.049107, -0.044219, -0.034046, -0.019846, -0.004897, 0.008565, 0.022169, 0.038836, 0.059915, 0.084693, 
-0.003639, -0.007635, -0.008162, -0.006066, -0.001967, 0.003407, 0.009185, 0.014679, 0.019050, 0.022010, 0.023539, 0.022286, 0.018160, 0.010976, 0.000802, -0.011476, -0.024511, -0.036094, -0.044779, -0.050237, -0.051336, -0.046864, -0.036797, -0.022199, -0.006126, 0.008564, 0.022628, 0.039145, 0.059863, 0.084694, 
-0.002699, -0.006126, -0.006544, -0.004677, -0.000962, 0.004013, 0.009579, 0.015102, 0.019625, 0.022806, 0.024422, 0.023323, 0.019174, 0.011750, 0.000957, -0.011781, -0.025096, -0.036573, -0.045036, -0.050690, -0.052521, -0.049085, -0.039494, -0.024792, -0.007948, 0.008041, 0.022750, 0.039208, 0.059636, 0.084675, 
-0.001623, -0.004336, -0.004663, -0.003068, 0.000166, 0.004621, 0.009805, 0.015282, 0.019763, 0.023094, 0.024751, 0.023792, 0.019630, 0.012041, 0.000754, -0.012243, -0.025356, -0.036288, -0.044256, -0.049898, -0.052586, -0.050329, -0.042078, -0.027628, -0.010193, 0.006809, 0.022338, 0.038898, 0.059152, 0.084618, 
-0.000500, -0.002402, -0.002625, -0.001336, 0.001355, 0.005248, 0.009966, 0.015158, 0.019501, 0.022861, 0.024517, 0.023622, 0.019385, 0.011567, 0.000036, -0.012804, -0.025129, -0.035086, -0.042304, -0.047603, -0.051310, -0.050555, -0.043907, -0.030651, -0.012999, 0.004796, 0.021238, 0.038069, 0.058311, 0.084483, 
0.000560, -0.000495, -0.000584, 0.000403, 0.002558, 0.005845, 0.010042, 0.014805, 0.018932, 0.022135, 0.023677, 0.022716, 0.018281, 0.010347, -0.001136, -0.013426, -0.024559, -0.032999, -0.038960, -0.043756, -0.048426, -0.049555, -0.045022, -0.033345, -0.016504, 0.002136, 0.019398, 0.036559, 0.056979, 0.084202, 
0.001434, 0.001174, 0.001264, 0.002039, 0.003730, 0.006438, 0.010075, 0.014231, 0.018034, 0.020929, 0.022218, 0.021090, 0.016340, 0.008491, -0.002718, -0.014054, -0.023738, -0.030185, -0.034076, -0.038614, -0.043724, -0.047129, -0.045149, -0.035745, -0.020163, -0.001274, 0.016893, 0.034166, 0.054988, 0.083668, 
0.002050, 0.002452, 0.002759, 0.003422, 0.004759, 0.006954, 0.010006, 0.013490, 0.016825, 0.019262, 0.020112, 0.018558, 0.013883, 0.006173, -0.004290, -0.014760, -0.022473, -0.026726, -0.028321, -0.031897, -0.037433, -0.043198, -0.043888, -0.037383, -0.023720, -0.005754, 0.013601, 0.031148, 0.052181, 0.082727, 
0.002390, 0.003250, 0.003759, 0.004393, 0.005495, 0.007272, 0.009767, 0.012524, 0.015133, 0.016991, 0.017410, 0.015754, 0.010761, 0.003471, -0.006041, -0.014729, -0.020518, -0.022621, -0.022516, -0.024001, -0.029835, -0.037646, -0.041055, -0.037791, -0.026992, -0.010262, 0.008781, 0.027629, 0.048438, 0.081210, 
0.002460, 0.003544, 0.004183, 0.004816, 0.005764, 0.007221, 0.009227, 0.011237, 0.013156, 0.014351, 0.014509, 0.012403, 0.007436, 0.000672, -0.007389, -0.014081, -0.017902, -0.018153, -0.016852, -0.015921, -0.021786, -0.030339, -0.036360, -0.036494, -0.028846, -0.014747, 0.003072, 0.022441, 0.043845, 0.078820, 
0.002285, 0.003359, 0.004017, 0.004616, 0.005412, 0.006571, 0.008138, 0.009550, 0.010942, 0.011652, 0.011085, 0.008709, 0.004346, -0.001621, -0.007840, -0.012564, -0.014674, -0.013750, -0.011015, -0.009422, -0.013554, -0.021990, -0.029647, -0.032895, -0.028930, -0.018410, -0.002928, 0.015740, 0.038017, 0.074967, 
0.001882, 0.002751, 0.003320, 0.003824, 0.004434, 0.005228, 0.006197, 0.007445, 0.008192, 0.008502, 0.007809, 0.005539, 0.001732, -0.002855, -0.007224, -0.010126, -0.010757, -0.009212, -0.006262, -0.004619, -0.006284, -0.013705, -0.021210, -0.026290, -0.026115, -0.019972, -0.008744, 0.007803, 0.029822, 0.068940, 
0.001280, 0.001819, 0.002212, 0.002562, 0.002958, 0.003428, 0.004138, 0.004797, 0.005160, 0.005294, 0.004444, 0.002669, 0.000023, -0.002798, -0.005281, -0.006702, -0.006356, -0.005163, -0.002766, -0.001616, -0.002275, -0.006242, -0.011721, -0.016954, -0.019677, -0.017779, -0.011500, -0.000920, 0.018445, 0.058490, 
0.000576, 0.000774, 0.000954, 0.001119, 0.001310, 0.001559, 0.001712, 0.002125, 0.002271, 0.002114, 0.001601, 0.000679, -0.000436, -0.001588, -0.002520, -0.002904, -0.002491, -0.001739, -0.000810, -0.000230, -0.000379, -0.001674, -0.004169, -0.006772, -0.009418, -0.010701, -0.008945, -0.004649, 0.005107, 0.037364, 
0.000000, 0.000000, 0.000000, 0.000000, 0.000000, 0.000000, 0.000000, 0.000000, 0.000000, 0.000000, 0.000000, 0.000000, 0.000000, 0.000000, 0.000000, 0.000000, 0.000000, 0.000000, 0.000000, 0.000000, 0.000000, 0.000000, 0.000000, 0.000000, 0.000000, 0.000000, 0.000000, 0.000000, 0.000000, 0.000000, 
The matrix 32 * 31: 
0.000000, -0.000001, 0.000004, 0.000014, 0.000024, 0.000032, 0.000039, 0.000043, 0.000048, 0.000055, 0.000066, 0.000081, 0.000104, 0.000138, 0.000198, 0.000259, 0.000368, 0.000469, 0.000615, 0.000776, 0.000909, 0.001016, 0.001071, 0.001034, 0.000880, 0.000630, 0.000354, 0.000170, 0.000379, 0.001517, 0.000000, 
0.000000, 0.000199, 0.000514, 0.000914, 0.001332, 0.001711, 0.002030, 0.002297, 0.002541, 0.002803, 0.003127, 0.003558, 0.004146, 0.004954, 0.006069, 0.007471, 0.009205, 0.011483, 0.014108, 0.016922, 0.019957, 0.022786, 0.025180, 0.026771, 0.027278, 0.026482, 0.024416, 0.021523, 0.019577, 0.019644, 0.000000, 
0.000000, 0.000308, 0.000847, 0.001510, 0.002183, 0.002786, 0.003282, 0.003679, 0.004017, 0.004349, 0.004733, 0.005227, 0.005885, 0.006760, 0.007894, 0.009567, 0.011714, 0.014275, 0.017305, 0.020952, 0.024641, 0.028407, 0.031905, 0.034809, 0.036770, 0.037015, 0.035178, 0.031275, 0.025428, 0.015770, 0.000000, 
0.000000, 0.000373, 0.001051, 0.001867, 0.002675, 0.003377, 0.003929, 0.004338, 0.004642, 0.004893, 0.005144, 0.005447, 0.005858, 0.006442, 0.007272, 0.008366, 0.010072, 0.012322, 0.015373, 0.018601, 0.022226, 0.025856, 0.029248, 0.032493, 0.035174, 0.036760, 0.035990, 0.032359, 0.024932, 0.012374, 0.000000, 
0.000000, 0.000416, 0.001181, 0.002083, 0.002946, 0.003660, 0.004177, 0.004503, 0.004672, 0.004730, 0.004719, 0.004673, 0.004640, 0.004702, 0.004978, 0.005583, 0.006632, 0.008424, 0.010521, 0.013238, 0.016218, 0.019556, 0.023117, 0.026252, 0.028735, 0.030931, 0.031479, 0.028753, 0.021485, 0.010056, 0.000000, 
0.000000, 0.000452, 0.001280, 0.002231, 0.003104, 0.003775, 0.004193, 0.004362, 0.004318, 0.004096, 0.003730, 0.003241, 0.002667, 0.002114, 0.001762, 0.001813, 0.002364, 0.003605, 0.005489, 0.007936, 0.010968, 0.013894, 0.016413, 0.018775, 0.021131, 0.023107, 0.024520, 0.022978, 0.017333, 0.007913, 0.000000, 
0.000000, 0.000487, 0.001371, 0.002356, 0.003214, 0.003809, 0.004085, 0.004046, 0.003718, 0.003133, 0.002317, 0.001319, 0.000194, -0.000926, -0.001769, -0.002076, -0.001620, -0.000675, 0.001286, 0.004037, 0.006853, 0.009434, 0.011653, 0.013394, 0.015188, 0.016230, 0.016897, 0.016701, 0.013159, 0.006096, 0.000000, 
0.000000, 0.000522, 0.001456, 0.002463, 0.003295, 0.003795, 0.003905, 0.003621, 0.002945, 0.001899, 0.000522, -0.001099, -0.002693, -0.004071, -0.005125, -0.005593, -0.005380, -0.004142, -0.002082, 0.000521, 0.003420, 0.006143, 0.008277, 0.009648, 0.010322, 0.010909, 0.011456, 0.011359, 0.009114, 0.004713, 0.000000, 
0.000000, 0.000547, 0.001517, 0.002534, 0.003326, 0.003721, 0.003652, 0.003101, 0.002041, 0.000505, -0.001431, -0.003487, -0.005439, -0.007048, -0.008071, -0.008445, -0.008040, -0.006748, -0.004698, -0.001995, 0.001035, 0.003877, 0.005951, 0.007145, 0.007475, 0.007517, 0.007491, 0.007223, 0.005990, 0.003368, 0.000000, 
0.000000, 0.000548, 0.001528, 0.002534, 0.003268, 0.003542, 0.003287, 0.002455, 0.001034, -0.000966, -0.003230, -0.005562, -0.007681, -0.009366, -0.010547, -0.010864, -0.010218, -0.008666, -0.006581, -0.003813, -0.000826, 0.002159, 0.004414, 0.005656, 0.005814, 0.005414, 0.004888, 0.004291, 0.003704, 0.002270, 0.000000, 
0.000000, 0.000510, 0.001459, 0.002432, 0.003066, 0.003198, 0.002757, 0.001659, -0.000081, -0.002282, -0.004712, -0.007166, -0.009326, -0.011248, -0.012374, -0.012673, -0.012048, -0.010600, -0.008212, -0.005457, -0.002408, 0.000707, 0.003236, 0.004620, 0.004790, 0.004138, 0.003143, 0.002493, 0.002150, 0.001439, 0.000000, 
0.000000, 0.000429, 0.001313, 0.002182, 0.002648, 0.002628, 0.002004, 0.000688, -0.001225, -0.003396, -0.005802, -0.008173, -0.010585, -0.012512, -0.013701, -0.014045, -0.013497, -0.012068, -0.009735, -0.006918, -0.003743, -0.000632, 0.002196, 0.003848, 0.004162, 0.003481, 0.002325, 0.001475, 0.001176, 0.000852, 0.000000, 
0.000000, 0.000302, 0.001001, 0.001649, 0.001972, 0.001819, 0.001055, -0.000383, -0.002226, -0.004493, -0.006906, -0.009222, -0.011594, -0.013426, -0.014647, -0.015101, -0.014693, -0.013362, -0.011173, -0.008169, -0.005008, -0.001847, 0.001148, 0.003116, 0.003708, 0.003148, 0.001989, 0.001008, 0.000633, 0.000468, 0.000000, 
0.000000, 0.000146, 0.000576, 0.000943, 0.001060, 0.000778, -0.000074, -0.001482, -0.003248, -0.005348, -0.007629, -0.010096, -0.012280, -0.014067, -0.015361, -0.015922, -0.015620, -0.014369, -0.012259, -0.009425, -0.006239, -0.002995, 0.000006, 0.002368, 0.003276, 0.002927, 0.001864, 0.000827, 0.000359, 0.000237, 0.000000, 
0.000000, -0.000045, 0.000033, 0.000064, -0.000068, -0.000484, -0.001322, -0.002529, -0.004212, -0.006128, -0.008222, -0.010572, -0.012693, -0.014504, -0.015805, -0.016440, -0.016214, -0.015060, -0.013096, -0.010527, -0.007321, -0.004176, -0.001168, 0.001448, 0.002723, 0.002654, 0.001764, 0.000756, 0.000228, 0.000108, 0.000000, 
0.000000, -0.000272, -0.000600, -0.000982, -0.001402, -0.001954, -0.002770, -0.003851, -0.005242, -0.006874, -0.008721, -0.010800, -0.012771, -0.014547, -0.015887, -0.016570, -0.016394, -0.015339, -0.013557, -0.011278, -0.008478, -0.005424, -0.002416, 0.000273, 0.001993, 0.002248, 0.001584, 0.000684, 0.000153, 0.000042, 0.000000, 
0.000000, -0.000521, -0.001293, -0.002167, -0.002851, -0.003536, -0.004294, -0.005166, -0.006257, -0.007573, -0.009044, -0.010827, -0.012624, -0.014262, -0.015521, -0.016160, -0.016013, -0.015039, -0.013551, -0.011763, -0.009528, -0.006782, -0.003872, -0.001130, 0.000952, 0.001614, 0.001246, 0.000532, 0.000070, 0.000013, 0.000000, 
0.000000, -0.000759, -0.001955, -0.003165, -0.004245, -0.005111, -0.005772, -0.006388, -0.007141, -0.008075, -0.009297, -0.010658, -0.012131, -0.013520, -0.014594, -0.015057, -0.014847, -0.014041, -0.012983, -0.011875, -0.010466, -0.008242, -0.005608, -0.002871, -0.000526, 0.000703, 0.000708, 0.000252, -0.000054, -0.000001, 0.000000, 
0.000000, -0.000942, -0.002454, -0.004074, -0.005465, -0.006471, -0.007080, -0.007475, -0.007901, -0.008478, -0.009276, -0.010160, -0.011197, -0.012210, -0.012983, -0.013138, -0.012832, -0.012244, -0.011776, -0.011527, -0.011079, -0.009891, -0.007669, -0.004989, -0.002414, -0.000596, -0.000069, -0.000187, -0.000248, -0.000021, 0.000000, 
0.000000, -0.001078, -0.002869, -0.004753, -0.006364, -0.007495, -0.008104, -0.008333, -0.008516, -0.008654, -0.008942, -0.009271, -0.009739, -0.010195, -0.010486, -0.010284, -0.009822, -0.009561, -0.009863, -0.010653, -0.011448, -0.011385, -0.010138, -0.007560, -0.004739, -0.002499, -0.001266, -0.000851, -0.000541, -0.000059, 0.000000, 
0.000000, -0.001125, -0.003062, -0.005102, -0.006837, -0.008027, -0.008656, -0.008821, -0.008696, -0.008435, -0.008203, -0.007968, -0.007797, -0.007552, -0.007078, -0.006355, -0.005785, -0.006007, -0.007228, -0.009202, -0.011505, -0.012781, -0.012558, -0.010733, -0.007718, -0.004919, -0.002904, -0.001803, -0.000975, -0.000137, 0.000000, 
0.000000, -0.001064, -0.002974, -0.005019, -0.006761, -0.007965, -0.008563, -0.008642, -0.008293, -0.007726, -0.007001, -0.006161, -0.005252, -0.004143, -0.002919, -0.001755, -0.001144, -0.001726, -0.003839, -0.007195, -0.011039, -0.013922, -0.014920, -0.013810, -0.011123, -0.007620, -0.004957, -0.003115, -0.001608, -0.000282, 0.000000, 
0.000000, -0.000877, -0.002550, -0.004401, -0.006040, -0.007213, -0.007808, -0.007840, -0.007264, -0.006367, -0.005164, -0.003706, -0.002086, -0.000153, 0.001681, 0.003254, 0.003879, 0.003044, 0.000190, -0.004721, -0.009877, -0.014583, -0.017006, -0.016876, -0.014473, -0.010817, -0.007411, -0.004901, -0.002516, -0.000533, 0.000000, 
0.000000, -0.000618, -0.001898, -0.003396, -0.004780, -0.005812, -0.006329, -0.006263, -0.005526, -0.004320, -0.002659, -0.000559, 0.001953, 0.004398, 0.006723, 0.008316, 0.009042, 0.007799, 0.004319, -0.001471, -0.008217, -0.014521, -0.018458, -0.019722, -0.018083, -0.014516, -0.010029, -0.006740, -0.003732, -0.000937, 0.000000, 
0.000000, -0.000342, -0.001142, -0.002143, -0.003116, -0.003854, -0.004175, -0.003939, -0.002979, -0.001289, 0.000968, 0.003655, 0.006457, 0.009590, 0.012306, 0.014054, 0.014021, 0.012041, 0.007920, 0.002104, -0.005813, -0.013420, -0.018981, -0.021809, -0.021396, -0.018108, -0.013579, -0.008754, -0.005238, -0.001510, 0.000000, 
0.000000, -0.000072, -0.000368, -0.000793, -0.001219, -0.001491, -0.001443, -0.000907, 0.000370, 0.002340, 0.004973, 0.007889, 0.011257, 0.014553, 0.017343, 0.018715, 0.018088, 0.015475, 0.010992, 0.005308, -0.002796, -0.010876, -0.018206, -0.022906, -0.024192, -0.022325, -0.017819, -0.012111, -0.006946, -0.002376, 0.000000, 
0.000000, 0.000173, 0.000355, 0.000518, 0.000715, 0.001063, 0.001708, 0.002792, 0.004469, 0.006685, 0.009404, 0.012836, 0.016510, 0.019620, 0.021914, 0.022371, 0.020851, 0.017619, 0.013215, 0.007378, 0.000864, -0.007408, -0.015783, -0.022503, -0.026100, -0.025998, -0.022314, -0.016301, -0.009610, -0.003820, 0.000000, 
0.000000, 0.000401, 0.001007, 0.001703, 0.002493, 0.003471, 0.004814, 0.006759, 0.008871, 0.011627, 0.014765, 0.018033, 0.021207, 0.023828, 0.025066, 0.024468, 0.022032, 0.018111, 0.013568, 0.008825, 0.004030, -0.003251, -0.011563, -0.020026, -0.026646, -0.029460, -0.027867, -0.022027, -0.014138, -0.005978, 0.000000, 
0.000000, 0.000599, 0.001529, 0.002635, 0.003895, 0.005371, 0.007172, 0.009237, 0.011885, 0.014911, 0.018131, 0.021506, 0.024382, 0.026095, 0.026046, 0.024109, 0.020689, 0.016292, 0.012248, 0.008743, 0.005733, 0.001720, -0.005756, -0.015257, -0.024612, -0.031047, -0.033221, -0.030413, -0.021676, -0.010338, 0.000000, 
0.000000, 0.000701, 0.001743, 0.002999, 0.004441, 0.006088, 0.007959, 0.010385, 0.013047, 0.015944, 0.019133, 0.021973, 0.023960, 0.024413, 0.023203, 0.020440, 0.016640, 0.012773, 0.009348, 0.007393, 0.006012, 0.004120, -0.000454, -0.008018, -0.018212, -0.028484, -0.035552, -0.038035, -0.034235, -0.021035, 0.000000, 
0.000000, 0.000575, 0.001347, 0.002300, 0.003418, 0.004728, 0.006285, 0.007994, 0.010122, 0.012394, 0.014505, 0.016106, 0.016785, 0.016347, 0.014756, 0.012233, 0.009327, 0.006835, 0.005096, 0.004287, 0.004057, 0.003677, 0.002004, -0.002160, -0.008921, -0.018332, -0.029050, -0.037999, -0.042531, -0.037504, 0.000000, 
0.000000, 0.000012, 0.000037, 0.000070, 0.000109, 0.000158, 0.000231, 0.000312, 0.000387, 0.000495, 0.000561, 0.000578, 0.000516, 0.000365, 0.000180, 0.000014, -0.000037, -0.000098, -0.000058, 0.000007, 0.000096, 0.000196, 0.000290, 0.000478, 0.000628, 0.000670, 0.000332, -0.000814, -0.003375, -0.007932, 0.000000, 
The matrix 30 * 30: 
0.000195, 0.000199, 0.000205, 0.000214, 0.000225, 0.000238, 0.000255, 0.000276, 0.000301, 0.000330, 0.000365, 0.000404, 0.000446, 0.000490, 0.000533, 0.000575, 0.000606, 0.000631, 0.000640, 0.000629, 0.000607, 0.000579, 0.000557, 0.000559, 0.000611, 0.000733, 0.000935, 0.001218, 0.001560, 0.001901, 
0.000190, 0.000194, 0.000200, 0.000209, 0.000220, 0.000233, 0.000250, 0.000270, 0.000295, 0.000324, 0.000358, 0.000395, 0.000436, 0.000479, 0.000517, 0.000555, 0.000582, 0.000601, 0.000599, 0.000585, 0.000553, 0.000518, 0.000489, 0.000487, 0.000538, 0.000662, 0.000870, 0.001166, 0.001506, 0.001804, 
0.000185, 0.000188, 0.000194, 0.000203, 0.000213, 0.000226, 0.000243, 0.000263, 0.000287, 0.000316, 0.000349, 0.000386, 0.000425, 0.000466, 0.000505, 0.000534, 0.000554, 0.000559, 0.000553, 0.000519, 0.000473, 0.000420, 0.000367, 0.000341, 0.000363, 0.000471, 0.000674, 0.000974, 0.001319, 0.001521, 
0.000177, 0.000181, 0.000187, 0.000194, 0.000204, 0.000217, 0.000233, 0.000253, 0.000277, 0.000306, 0.000339, 0.000375, 0.000413, 0.000451, 0.000487, 0.000515, 0.000529, 0.000533, 0.000508, 0.000461, 0.000388, 0.000303, 0.000227, 0.000165, 0.000138, 0.000193, 0.000354, 0.000643, 0.000944, 0.001129, 
0.000168, 0.000171, 0.000177, 0.000184, 0.000193, 0.000205, 0.000220, 0.000241, 0.000265, 0.000294, 0.000327, 0.000362, 0.000400, 0.000436, 0.000468, 0.000490, 0.000502, 0.000489, 0.000453, 0.000381, 0.000295, 0.000193, 0.000085, -0.000008, -0.000081, -0.000096, 0.000023, 0.000246, 0.000511, 0.000703, 
0.000157, 0.000160, 0.000165, 0.000171, 0.000179, 0.000190, 0.000206, 0.000226, 0.000251, 0.000280, 0.000313, 0.000348, 0.000384, 0.000418, 0.000445, 0.000458, 0.000465, 0.000437, 0.000387, 0.000314, 0.000214, 0.000092, -0.000033, -0.000157, -0.000247, -0.000306, -0.000279, -0.000113, 0.000116, 0.000258, 
0.000144, 0.000147, 0.000151, 0.000156, 0.000163, 0.000173, 0.000188, 0.000209, 0.000235, 0.000265, 0.000298, 0.000329, 0.000360, 0.000390, 0.000414, 0.000426, 0.000419, 0.000384, 0.000328, 0.000241, 0.000132, 0.000001, -0.000130, -0.000253, -0.000371, -0.000457, -0.000477, -0.000406, -0.000221, -0.000107, 
0.000129, 0.000131, 0.000134, 0.000137, 0.000143, 0.000153, 0.000168, 0.000189, 0.000216, 0.000247, 0.000277, 0.000305, 0.000330, 0.000351, 0.000370, 0.000377, 0.000369, 0.000332, 0.000264, 0.000167, 0.000054, -0.000075, -0.000210, -0.000343, -0.000459, -0.000555, -0.000601, -0.000556, -0.000471, -0.000387, 
0.000113, 0.000114, 0.000115, 0.000117, 0.000120, 0.000128, 0.000143, 0.000165, 0.000193, 0.000221, 0.000248, 0.000272, 0.000290, 0.000311, 0.000317, 0.000314, 0.000292, 0.000268, 0.000197, 0.000101, -0.000015, -0.000145, -0.000276, -0.000400, -0.000510, -0.000604, -0.000663, -0.000672, -0.000629, -0.000575, 
0.000096, 0.000096, 0.000094, 0.000093, 0.000094, 0.000100, 0.000114, 0.000136, 0.000162, 0.000189, 0.000211, 0.000228, 0.000247, 0.000252, 0.000252, 0.000245, 0.000222, 0.000180, 0.000130, 0.000030, -0.000088, -0.000214, -0.000339, -0.000454, -0.000554, -0.000638, -0.000701, -0.000728, -0.000716, -0.000689, 
0.000079, 0.000077, 0.000074, 0.000069, 0.000066, 0.000069, 0.000081, 0.000100, 0.000122, 0.000139, 0.000153, 0.000173, 0.000183, 0.000180, 0.000174, 0.000162, 0.000138, 0.000096, 0.000043, -0.000047, -0.000161, -0.000281, -0.000401, -0.000507, -0.000596, -0.000666, -0.000722, -0.000755, -0.000761, -0.000752, 
0.000065, 0.000061, 0.000054, 0.000044, 0.000036, 0.000036, 0.000045, 0.000061, 0.000077, 0.000091, 0.000100, 0.000109, 0.000103, 0.000095, 0.000083, 0.000068, 0.000045, 0.000006, -0.000055, -0.000125, -0.000235, -0.000353, -0.000466, -0.000564, -0.000640, -0.000699, -0.000744, -0.000775, -0.000788, -0.000788, 
0.000053, 0.000047, 0.000036, 0.000021, 0.000008, 0.000003, 0.000008, 0.000018, 0.000031, 0.000038, 0.000045, 0.000036, 0.000018, -0.000001, -0.000022, -0.000042, -0.000066, -0.000100, -0.000153, -0.000220, -0.000319, -0.000430, -0.000536, -0.000626, -0.000692, -0.000738, -0.000773, -0.000797, -0.000810, -0.000814, 
0.000046, 0.000038, 0.000022, 0.000002, -0.000016, -0.000025, -0.000026, -0.000020, -0.000016, -0.000018, -0.000021, -0.000044, -0.000076, -0.000109, -0.000140, -0.000166, -0.000190, -0.000217, -0.000259, -0.000324, -0.000405, -0.000510, -0.000608, -0.000694, -0.000752, -0.000787, -0.000810, -0.000825, -0.000834, -0.000837, 
0.000045, 0.000036, 0.000016, -0.000008, -0.000031, -0.000046, -0.000053, -0.000057, -0.000063, -0.000078, -0.000098, -0.000135, -0.000180, -0.000227, -0.000272, -0.000304, -0.000326, -0.000344, -0.000373, -0.000425, -0.000495, -0.000593, -0.000687, -0.000766, -0.000817, -0.000842, -0.000854, -0.000859, -0.000861, -0.000861, 
0.000052, 0.000041, 0.000020, -0.000010, -0.000037, -0.000058, -0.000074, -0.000087, -0.000106, -0.000133, -0.000169, -0.000223, -0.000287, -0.000356, -0.000412, -0.000450, -0.000469, -0.000474, -0.000485, -0.000522, -0.000581, -0.000674, -0.000767, -0.000834, -0.000882, -0.000899, -0.000900, -0.000895, -0.000887, -0.000882, 
0.000065, 0.000056, 0.000031, 0.000002, -0.000030, -0.000059, -0.000084, -0.000107, -0.000137, -0.000175, -0.000232, -0.000307, -0.000394, -0.000481, -0.000552, -0.000596, -0.000607, -0.000594, -0.000584, -0.000600, -0.000650, -0.000740, -0.000834, -0.000905, -0.000941, -0.000952, -0.000942, -0.000925, -0.000907, -0.000896, 
0.000084, 0.000075, 0.000055, 0.000023, -0.000012, -0.000046, -0.000078, -0.000113, -0.000154, -0.000208, -0.000283, -0.000378, -0.000488, -0.000594, -0.000678, -0.000727, -0.000726, -0.000692, -0.000658, -0.000652, -0.000691, -0.000771, -0.000882, -0.000960, -0.000996, -0.000993, -0.000973, -0.000942, -0.000914, -0.000898, 
0.000106, 0.000099, 0.000081, 0.000052, 0.000016, -0.000020, -0.000057, -0.000102, -0.000156, -0.000226, -0.000314, -0.000431, -0.000561, -0.000686, -0.000773, -0.000826, -0.000810, -0.000751, -0.000693, -0.000659, -0.000687, -0.000769, -0.000873, -0.000982, -0.001018, -0.001016, -0.000984, -0.000942, -0.000903, -0.000881, 
0.000130, 0.000125, 0.000110, 0.000085, 0.000052, 0.000016, -0.000020, -0.000079, -0.000138, -0.000221, -0.000326, -0.000454, -0.000603, -0.000746, -0.000857, -0.000877, -0.000832, -0.000741, -0.000649, -0.000606, -0.000625, -0.000712, -0.000830, -0.000931, -0.001011, -0.001009, -0.000968, -0.000915, -0.000867, -0.000838, 
0.000154, 0.000150, 0.000139, 0.000119, 0.000091, 0.000057, 0.000014, -0.000031, -0.000102, -0.000195, -0.000314, -0.000457, -0.000614, -0.000759, -0.000853, -0.000862, -0.000795, -0.000673, -0.000555, -0.000484, -0.000499, -0.000593, -0.000729, -0.000854, -0.000922, -0.000958, -0.000916, -0.000855, -0.000797, -0.000762, 
0.000177, 0.000175, 0.000167, 0.000153, 0.000132, 0.000104, 0.000065, 0.000014, -0.000056, -0.000154, -0.000278, -0.000427, -0.000580, -0.000715, -0.000800, -0.000794, -0.000700, -0.000550, -0.000399, -0.000317, -0.000315, -0.000416, -0.000565, -0.000723, -0.000810, -0.000819, -0.000819, -0.000751, -0.000687, -0.000645, 
0.000200, 0.000200, 0.000195, 0.000186, 0.000171, 0.000149, 0.000116, 0.000067, -0.000003, -0.000099, -0.000222, -0.000368, -0.000516, -0.000654, -0.000706, -0.000679, -0.000550, -0.000373, -0.000207, -0.000107, -0.000105, -0.000203, -0.000351, -0.000517, -0.000651, -0.000689, -0.000654, -0.000598, -0.000528, -0.000480, 
0.000222, 0.000222, 0.000220, 0.000215, 0.000206, 0.000190, 0.000163, 0.000118, 0.000049, -0.000039, -0.000152, -0.000294, -0.000428, -0.000526, -0.000568, -0.000511, -0.000367, -0.000182, -0.000015, 0.000099, 0.000115, 0.000033, -0.000105, -0.000280, -0.000423, -0.000499, -0.000450, -0.000407, -0.000319, -0.000257, 
0.000244, 0.000244, 0.000243, 0.000241, 0.000236, 0.000225, 0.000204, 0.000165, 0.000106, 0.000025, -0.000080, -0.000200, -0.000312, -0.000397, -0.000407, -0.000328, -0.000182, -0.000006, 0.000146, 0.000278, 0.000307, 0.000271, 0.000154, -0.000005, -0.000152, -0.000227, -0.000233, -0.000154, -0.000047, 0.000036, 
0.000264, 0.000265, 0.000265, 0.000265, 0.000262, 0.000254, 0.000240, 0.000210, 0.000160, 0.000091, -0.000004, -0.000106, -0.000198, -0.000244, -0.000233, -0.000148, -0.000012, 0.000139, 0.000289, 0.000394, 0.000456, 0.000452, 0.000406, 0.000294, 0.000156, 0.000058, 0.000087, 0.000169, 0.000277, 0.000420, 
0.000283, 0.000285, 0.000286, 0.000287, 0.000286, 0.000280, 0.000264, 0.000244, 0.000205, 0.000151, 0.000076, -0.000009, -0.000077, -0.000103, -0.000077, 0.000003, 0.000119, 0.000242, 0.000377, 0.000470, 0.000559, 0.000606, 0.000622, 0.000593, 0.000495, 0.000408, 0.000397, 0.000530, 0.000713, 0.000955, 
0.000301, 0.000303, 0.000306, 0.000308, 0.000309, 0.000307, 0.000298, 0.000273, 0.000240, 0.000194, 0.000132, 0.000075, 0.000031, 0.000021, 0.000055, 0.000127, 0.000218, 0.000309, 0.000412, 0.000509, 0.000614, 0.000704, 0.000803, 0.000845, 0.000824, 0.000779, 0.000806, 0.000956, 0.001301, 0.001683, 
0.000316, 0.000319, 0.000323, 0.000327, 0.000330, 0.000331, 0.000320, 0.000305, 0.000279, 0.000237, 0.000189, 0.000142, 0.000108, 0.000101, 0.000130, 0.000186, 0.000252, 0.000336, 0.000426, 0.000528, 0.000640, 0.000764, 0.000894, 0.000997, 0.001084, 0.001125, 0.001223, 0.001500, 0.002042, 0.002835, 
0.000327, 0.000331, 0.000336, 0.000342, 0.000346, 0.000349, 0.000345, 0.000328, 0.000306, 0.000270, 0.000225, 0.000176, 0.000137, 0.000125, 0.000144, 0.000192, 0.000250, 0.000335, 0.000429, 0.000533, 0.000645, 0.000764, 0.000895, 0.001028, 0.001165, 0.001311, 0.001512, 0.001953, 0.002903, 0.004365, 
